--------------------------------
Turtle 
--------------------------------
  111111111111111111111111  
  111111111111111111111111      
      1122222222222211
      1122222222222211
    11112233333333221111
    11112233333333221111
  111111223344443322111111
111111112233455433221111111111
111111112233455433221111111111
  111111223344443322111111
    11112233333333221111
    11112233333333221111        
      1122222222222211
      1122222222222211
  111111111111111111111111  
  111111111111111111111111
--------------------------------
Dragon
--------------------------------
  224422              224422
2222442233          3322442222
22      33112233221133      22
44  22    1122332211    22  44 
44  22    22      22    22  44 
22        22      22        22
222244221122  22  221122442222
  2244221122  22  2211224422
      22  22      22  22
      22  22      22  22
    4411112222222222111144
    4411112222222222111144
    44                  44
    44  44  44  44  44  44
    3311441144114411441133
    3311  11  11  11  1133
--------------------------------
Crab
--------------------------------
 11222222          22222211
 11233332          23333211
 11233332   2332   23333211 
 11222222   2332   22222211  
     112211111111112211
     112211111111112211
2222     1122332211     2222
2222     1122332211     2222
22      112234432211      22
22      112234432211      22
    11112222344322221111
    11112222344322221111
11222222  11111111  22222211
11233332  11111111  23333211
11233332   223322   23333211
11222222   223322   22222211
--------------------------------
Spider
--------------------------------
     2233   22  22   3322     
     2233   22  22   3322     
       22    1111    22       
 33    2233  1111  3322    33 
 3322    331122221133    2233 
   223322  11222211  223322   
     33221122333322112233     
         112233332211         
        11223333332211        
332233221122334433221122332233
33223322 112234432211 22332233
         112233332211         
       22  11333311  22       
     3322  11333311  2233     
 332233      2222      332233 
 3322        2222        2233
--------------------------------
